R:0.968
B:1.011
G:0.796
hue:1
colBright:0.197712 0.832084 0.916667
colDark:0.215686 0 0
expand:1
Mixed ratio:0.73
color:0.161 0.698 0.1098
